[[ 0.26558595]
 [-0.90770821]
 [ 0.50779663]
 [-0.29440818]][[-0.93648706]
 [-0.50034911]
 [-0.69789366]
 [-0.72082803]][[  8.22768922e-01]
 [  4.46197984e-01]
 [  5.00638827e-01]
 [ -2.00834479e-05]][[ 0.22749391]
 [ 0.90069016]
 [ 0.99666793]
 [ 0.35465171]][[ 0.90388978]
 [ 0.55602832]
 [-0.02997106]
 [ 0.79900078]][[-0.68035154]
 [ 0.53279465]
 [ 0.03155221]
 [-0.17576262]][[ 0.6624403 ]
 [-0.63571565]
 [-0.07158917]
 [-0.90245209]][[ 0.89299726]
 [-0.19334187]
 [-0.27099529]
 [-0.65938765]][[-0.46345386]
 [ 0.93015617]
 [ 0.3214973 ]
 [ 0.5572876 ]][[ 0.89998688]
 [-0.19028862]
 [ 0.74478624]
 [ 0.89847788]][[ 0.93521222]
 [ 0.65545306]
 [-0.47015634]
 [-0.44237975]][[ 0.11519129]
 [ 0.10605289]
 [-0.18913356]
 [-0.29493492]][[-0.28470307]
 [ 0.01723517]
 [ 0.10351619]
 [ 0.20373118]][[ 0.3991997 ]
 [ 0.61039614]
 [ 0.00949992]
 [ 0.16500045]][[-0.19430073]
 [ 0.62565877]
 [-0.93758754]
 [-0.60686643]][[-0.77123806]
 [-0.57184355]
 [-0.99042296]
 [-0.29565633]][[ 0.60926751]
 [-0.55449773]
 [-0.79295276]
 [-0.88599681]][[-0.66431084]
 [ 0.24968758]
 [ 0.8565723 ]
 [-0.10204579]][[ 0.05250818]
 [ 0.25928297]
 [ 0.49711316]
 [-0.40132726]][[-9.04972349]
 [-7.00635396]
 [ 6.86712212]
 [ 3.80013601]]