[[ 0.59058633  0.20003874 -0.99328984  0.43008644]
 [ 0.64186604  0.8346312   0.76040856  0.55111015]
 [-0.79508397 -0.56293911 -0.49927225  0.98679246]][[ 0.68738174 -0.75913562 -0.97382253 -0.76679686]
 [-0.12872842  0.57976207  0.45462474  0.59509544]
 [ 0.54830725 -0.41505708 -0.18544144 -0.42697734]][[-0.64672752  0.62167896 -0.05713281  0.41243019]
 [-0.05328844 -0.15092739 -0.73270793  0.83051285]
 [ 0.29520717  0.70943523 -0.3911641  -0.84204604]][[ 0.83073338  0.6432275   0.19198679  0.81960958]
 [-0.12867138 -0.62277308 -0.8912821  -0.98010384]
 [ 0.24074669  0.31508248 -0.70158175 -0.44756157]][[ 0.85927357  0.36592222  0.35886178 -0.57395149]
 [ 0.69720768  0.75594088 -0.83679593 -0.93283377]
 [-0.14224007  0.51503314  0.81733666  0.43978896]][[ 0.07336547 -0.74819416 -0.52371334 -0.7249196 ]
 [-0.31184835  0.45267207 -0.82854123 -0.24128806]
 [-0.18186293  0.88881628 -0.67797534  0.84220268]][[ 0.09426486  0.9293435  -0.10123507  0.80909832]
 [ 0.36785319 -0.21518762 -0.53941405  0.82701826]
 [-0.76776545  0.2547069   0.4928735  -0.33252421]][[ 0.58138729 -0.62979813  0.13007829  0.73410575]
 [ 0.68467116 -0.84415265 -0.50893253 -0.88328321]
 [-0.2502605   0.36549331  0.88237437  0.32619773]][[-0.0420396   0.80161764 -0.4454001  -0.47520341]
 [-0.03060215  0.44556323 -0.75063829  0.08107538]
 [ 0.14793821  0.99619742 -0.58367028 -0.90254567]][[ 0.22784198  0.00478903  0.69419207  0.33386905]
 [-0.98844906 -0.04559096 -0.13772106 -0.68305229]
 [ 0.67805239 -0.24614155  0.85713894 -0.44911204]][[-0.91598675  0.70920156 -0.92692927  0.20434679]
 [-0.55431253  0.41088793 -0.83206159 -0.19846168]
 [-0.15667566 -0.22768418 -0.0044787  -0.97598777]][[ 0.15435926  0.40782295 -0.61016127 -0.09678684]
 [-0.87431563 -0.61532205  0.67683514 -0.8774271 ]
 [ 0.43514254 -0.31032023 -0.10332212  0.90055815]][[ 0.67057736  0.11629165 -0.30018378 -0.10425662]
 [-0.02593419  0.3465404  -0.57094391 -0.72150274]
 [ 0.42859594  0.30203934  0.54540598  0.59901491]][[-0.32406025 -0.52103986  0.43082827 -0.05801905]
 [ 0.96631545 -0.89966747 -0.8982602   0.16623188]
 [ 0.4749188   0.38854884 -0.44288232  0.25932967]][[ 0.78943858  0.00647797 -0.98083319  0.41621116]
 [ 0.08492394  0.82877593 -0.97437717 -0.08377804]
 [-0.09409816 -0.68474552  0.22212856 -0.95416835]][[ 0.60591472  0.7006432  -0.70574638  0.96536269]
 [ 0.72572347 -0.06880931  0.84023834  0.36347546]
 [ 0.59261015  0.38310389 -0.12845049  0.6493132 ]][[-0.84442019 -0.14844131  0.06156517  0.12343402]
 [ 0.76676812 -0.14011219  0.77055313  0.73669437]
 [ 0.52569005 -0.69475707  0.90049964 -0.43852817]][[-0.4698339   0.14234784  0.75148714 -0.3013862 ]
 [ 0.01482345 -0.20575629 -0.91296665 -0.4883038 ]
 [ 0.3190649  -0.03159456  0.46994887 -0.64552204]][[-0.71357698  0.30831177  0.93196557  0.43973369]
 [ 0.11843765 -0.58279372 -0.42913402  0.70960916]
 [-0.41595869 -0.39529564 -0.75371854 -0.86272387]][[-5.07953462  5.59040165  3.40989636  3.15519398]
 [-5.31265204 -2.63463666 -5.28539024  3.59377061]
 [ 0.16994749  0.3242341  -1.17364106  1.21161356]]